{
 "width":1920,
 "height":1080,
 "top":28,
 "left":632,
 "bottom":28,
 "right":632,
 "opacity":1.0000000,
 "messagex":0.220000,
 "messagey":0.120000
}