{
 "width":1920,
 "height":1080,
 "top":189,
 "left":411,
 "bottom":189,
 "right":411,
 "opacity":1.0000000,
 "messagex":0.220000,
 "messagey":0.120000
}