{
 "width":1920,
 "height":1080,
 "top":80,
 "left":418,
 "bottom":179,
 "right":418,
 "opacity":1.0000000,
 "messagex":0.220000,
 "messagey":0.120000
}