{
 "width":1920,
 "height":1080,
 "top":114,
 "left":568,
 "bottom":251,
 "right":568,
 "opacity":1.0000000,
 "messagex":0.220000,
 "messagey":0.120000
}