{
 "width":1920,
 "height":1080,
 "top":185,
 "left":583,
 "bottom":381,
 "right":583,
 "opacity":1.0000000,
 "messagex":0.220000,
 "messagey":0.120000
}