{
 "width":1920,
 "height":1080,
 "top":78,
 "left":161,
 "bottom":78,
 "right":161,
 "opacity":1.0000000,
 "messagex":0.220000,
 "messagey":0.120000
}