{
 "width":1920,
 "height":1080,
 "top":62,
 "left":615,
 "bottom":328,
 "right":615,
 "opacity":1.0000000,
 "messagex":0.220000,
 "messagey":0.120000
}