{
 "width":1920,
 "height":1080,
 "top":164,
 "left":61,
 "bottom":261,
 "right":61,
 "opacity":1.0000000,
 "messagex":0.220000,
 "messagey":0.120000
}