{
 "width":1920,
 "height":1080,
 "top":191,
 "left":378,
 "bottom":148,
 "right":378,
 "opacity":1.0000000,
 "messagex":0.220000,
 "messagey":0.120000
}